>Positive_1 2 106.2 77 12.5 135.5  26.6  30 1
>Positive_2 1 108 92 11.3 108.6  23.0  21 1
>Positive_3 8 162 81 6.1 267.5  24.8  62 1
>Positive_4 1 174.6 78 16.8 179.1  38.4  49 1
>Positive_5 4 176.4 85 19.7 147.2  31.0  63 1
>Positive_6 2 165.6 83 11.2 154.3  33.2  68 1
>Positive_7 4 207 76 11.3 156.5  29.9  77 1
>Positive_8 0 223.2 84 9.8 160.2  28.1  32 1
>Positive_9 8 174.6 88 8.7 275.4  26.8  56 1
>Positive_10 3 172.8 85 8.8 151.4  26.6  60 1
>Negative_1 5 88.2 106 4.8 169.9  14.8  50 0
>Negative_2 6 73.8 74 7.5 156.4  24.9  50 0
>Negative_3 1 86.4 87 18.4 93.9  41.6  30 0
>Negative_4 1 97.2 71 15 109.8  22.6  28 0
>Negative_5 5 90 96 7.6 111.1  19.2  50 0
>Negative_6 0 70.2 83 6.7 139.3  23.1  18 0
>Negative_7 3 84.6 74 4.2 163.3  14.1  40 0
>Negative_8 3 95.4 84 15 100.9  39.7  30 0
>Negative_9 0 88.2 74 4.5 139.4  16.6  18 0
>Negative_10 0 79.2 67 12.5 82.3  21.5  18 0
